
power = 1956.02650710373
throughput = 8525.13
composite = 4083.54995763554
